{"nbformat":4,"nbformat_minor":0,"metadata":{"colab":{"provenance":[],"authorship_tag":"ABX9TyPxdN31Mb73Hr2w+yIB4HYp"},"kernelspec":{"name":"python3","display_name":"Python 3"},"language_info":{"name":"python"}},"cells":[{"cell_type":"code","execution_count":null,"metadata":{"colab":{"base_uri":"https://localhost:8080/"},"id":"-Av1fK7h6BRt","executionInfo":{"status":"ok","timestamp":1715519275597,"user_tz":-330,"elapsed":11,"user":{"displayName":"Karan Talekar","userId":"16623602876724332745"}},"outputId":"219c72e9-d8b9-4d5d-d50c-ee7b29231932"},"outputs":[{"output_type":"stream","name":"stdout","text":["\n","Is A equal to the product of U, Σ, and Vt?  True\n","\n","Matrix U:\n","[[-0.33704536 -0.09852066  0.60880433  0.44567731 -0.55445751]\n"," [-0.22149094 -0.95077012 -0.17140968 -0.13234754  0.0089885 ]\n"," [-0.56718927  0.17189631  0.34185894 -0.72094124  0.11010984]\n"," [-0.63060082  0.11979293 -0.21214348  0.50591034  0.53576313]\n"," [-0.3434838   0.20598828 -0.66189396 -0.09030127 -0.62716008]]\n","\n","Matrix Σ:\n","[[20.68661882  0.          0.          0.          0.        ]\n"," [ 0.          7.88617047  0.          0.          0.        ]\n"," [ 0.          0.          4.72636203  0.          0.        ]\n"," [ 0.          0.          0.          2.7330212   0.        ]\n"," [ 0.          0.          0.          0.          0.25340525]]\n","\n","Matrix V:\n","[[-0.63820162  0.32110022  0.64462407 -0.01391445  0.27177112]\n"," [-0.21294224 -0.63576797 -0.17394283 -0.31787936  0.64741894]\n"," [-0.59838253  0.30478935 -0.72893198  0.12968934 -0.02967559]\n"," [-0.18315716 -0.47415456  0.10670867  0.8508433  -0.07943457]\n"," [-0.39464681 -0.4182997   0.10712202 -0.397499   -0.70696441]]\n","\n","Rank 2 approximation of matrix A:\n","[[4.20027253 1.97866374 3.93531349 1.64542668 3.07660559]\n"," [0.51658646 5.74262686 0.45643732 4.39438771 4.94461574]\n"," [7.92344986 1.63665057 7.43413233 1.50625911 4.06343246]\n"," [8.62868516 2.17721657 8.09383619 1.94134758 4.75299629]\n"," [5.05636739 0.4802862  4.74693579 0.53118206 2.12465955]]\n","\n","Rank 3 approximation of matrix A:\n","[[ 6.05513294e+00  1.47815547e+00  1.83786298e+00  1.95247338e+00\n","   3.38484166e+00]\n"," [-5.65199846e-03  5.88354564e+00  1.04697735e+00  4.30793830e+00\n","   4.85783146e+00]\n"," [ 8.96500063e+00  1.35560259e+00  6.25636112e+00  1.67867355e+00\n","   4.23651476e+00]\n"," [ 7.98234194e+00  2.35162329e+00  8.82471217e+00  1.83435433e+00\n","   4.64558859e+00]\n"," [ 3.03975738e+00  1.02444035e+00  7.02729051e+00  1.97359932e-01\n","   1.78954433e+00]]\n"]}],"source":["import numpy as np\n","\n","# Given matrix A\n","A = np.array([[6, 1, 2, 3, 3],\n","              [0, 6, 1, 4, 5],\n","              [9, 2, 6, 0, 5],\n","              [8, 2, 9, 3, 4],\n","              [3, 1, 7, 0, 2]])\n","\n","# Perform Singular Value Decomposition\n","U, sigma, Vt = np.linalg.svd(A)\n","\n","# Create Σ matrix\n","Sigma = np.zeros_like(A, dtype=float)\n","Sigma[:min(A.shape), :min(A.shape)] = np.diag(sigma)\n","\n","# Verify A equals the product of U, Σ, and Vt\n","A_reconstructed = np.dot(U, np.dot(Sigma, Vt))\n","print(\"\\nIs A equal to the product of U, Σ, and Vt? \", np.allclose(A, A_reconstructed))\n","\n","# Separate and print matrices U, Σ, and V\n","print(\"\\nMatrix U:\")\n","print(U)\n","print(\"\\nMatrix Σ:\")\n","print(Sigma)\n","print(\"\\nMatrix V:\")\n","print(Vt.T)\n","\n","# Rank 2 and rank 3 approximations of matrix A\n","rank_2_approx = np.dot(U[:, :2], np.dot(Sigma[:2, :2], Vt[:2, :]))\n","rank_3_approx = np.dot(U[:, :3], np.dot(Sigma[:3, :3], Vt[:3, :]))\n","\n","print(\"\\nRank 2 approximation of matrix A:\")\n","print(rank_2_approx)\n","print(\"\\nRank 3 approximation of matrix A:\")\n","print(rank_3_approx)"]}]}